1001	trash	1	1	16
1002	garbage	2	2	16
2001	AK-12	4	4	1	0	0	0	0	0	0
2002	AN-94	4	4	1	0	-1	-1	0	0	0
2101	[자동권총]	2	2	1	0	-1	0	0	0	-1
2102	[리볼버]	2	2	1	0	-1	-1	-1	-1	-1
2201	[고정배율]	1	1	1	_fixed
2202	[가변배율]	1	1	1	_dynamic
2301	[손잡이]	1	1	1	5	5
2401	[개머리판]	1	1	1	5	5
2501	[보정기]	1	1	1	comp	5
2502	[소음기]	1	1	1	silen	5
2601	[조명]	1	1	1	light
2602	[레이저]	1	1	1	razor
2603	[복합조명]	1	1	1	both
2701	[탄창45]	1	2	1	30	acp	5	1
2702	[탄창9]	1	2	1	30	para	5	1
2703	[탄창556]	1	2	1	30	nato5	5	1
2704	[탄창762]	1	2	1	30	nato7	5	1
2801	[.45]	0.1	0.1	120	acp
2802	[9mm]	0.1	0.1	120	para
2803	[5.56]	0.1	0.1	90	nato5
2804	[7.62]	0.1	0.1	60	nato7
2805	[12gauge]	0.1	0.1	5	shell
2901	[수류탄]	1	1	5	grenade
2902	[섬광탄]	1	1	5	flashbang
2903	[화염병]	1	1	5	molotov
2904	[EMP]	1	1	5	emp
3001	[가방]	3	6	1	30
4001	[헬멧]	1	3	1	3	30
5001	[방탄복]	5	4	1	4	40
6001	[음식]	5	5	1	50
7001	[의료템]	5	5	1	40
